length = 100
rSpawn = 30
dr = 0.430000
stickProb = 0.300000
positions = [array([0, 0, 0]), array([ 1.58271942,  1.94224548,  0.56150804]), array([-0.70812491,  1.16485359,  1.94672064]), array([ 1.74483123, -0.00439994, -0.71639074]), array([ 2.86539919,  1.36431981, -0.85917013]), array([ 2.5139517 , -0.73363633, -1.9225684 ]), array([ 2.9916061 ,  2.99361379, -0.40419986]), array([ 2.39799049, -1.73843057,  0.8377689 ]), array([ 3.99267472,  1.36974579, -0.17806236]), array([ 0.6273428 , -1.68579527, -1.92257534]), array([ 4.68315308,  2.95000147, -1.79380659])]
times = [0, 16198.3, 170912.3, 264204.3, 376235.3, 543578.3, 1120889.3, 1398268.3, 1483782.3, 1789441.3, 1813520.3]
radii = [1.3, 1.3, 1.3, 1.3, 1.3, 1.3, 1.3, 1.3, 1.3, 1.3, 1.3]